North -> South

23.5743,87.3119 # Northern end
23.5653,87.3119
23.5564,87.3119
23.5474,87.3119
23.5384,87.3119
23.5294,87.3119
23.5204,87.3119 # Centre
23.5114,87.3119
23.5024,87.3119
23.4934,87.3119
23.4844,87.3119 # Southern end

NS -> East

for 3
23.5743,87.3413 # Eastern end
23.5743,87.3315
23.5743,87.3217

for 4
23.5653,87.3413 # Eastern end
23.5653,87.3315
23.5653,87.3217

for 5
23.5564,87.3413 # Eastern end
23.5564,87.3315
23.5564,87.3217

for 6
23.5474,87.3511 # Eastern end
23.5474,87.3413
23.5474,87.3315
23.5474,87.3217

for 7
23.5384,87.3511 # Eastern end
23.5384,87.3413
23.5384,87.3315
23.5384,87.3217

for 8
23.5294,87.3608 # Eastern end
23.5294,87.3511
23.5294,87.3413
23.5294,87.3315
23.5294,87.3217

for 9
23.5204,87.3706 # Eastern end
23.5204,87.3608
23.5204,87.3511
23.5204,87.3413
23.5204,87.3315
23.5204,87.3217

for 10
23.5114,87.3706 # Eastern end
23.5114,87.3608
23.5114,87.3511
23.5114,87.3413
23.5114,87.3315
23.5114,87.3217

for 11
23.5024,87.3706 # Eastern end
23.5024,87.3608
23.5024,87.3511
23.5024,87.3413
23.5024,87.3315
23.5024,87.3217

for 12
23.4934,87.3608 # Eastern end
23.4934,87.3511
23.4934,87.3413
23.4934,87.3315
23.4934,87.3217

for 13
23.4844,87.3413 # Eastern end
23.4844,87.3315
23.4844,87.3217

NS -> West
23.4844,87.3119 # Southern end

for 3
23.5743,87.3021
23.5743,87.2923
23.5743,87.2825
23.5743,87.2727
23.5743,87.2629
# 23.5743,87.2532
# 23.5743,87.2434
23.5743,87.2336
23.5743,87.2238 # Western end

for 4
23.5653,87.3021
23.5653,87.2923
23.5653,87.2825
23.5653,87.2727
23.5653,87.2629
23.5653,87.2532
23.5653,87.2434
23.5653,87.2336
23.5653,87.2238 # Western end

for 5
23.5564,87.3021
23.5564,87.2923
23.5564,87.2825
23.5564,87.2727
23.5564,87.2629
23.5564,87.2532
23.5564,87.2434
23.5564,87.2336 # Western end

for 6
23.5474,87.3021
23.5474,87.2923
23.5474,87.2825
23.5474,87.2727
23.5474,87.2629
23.5474,87.2532
23.5474,87.2434 # Western end

for 7
23.5384,87.3021
23.5384,87.2923
23.5384,87.2825
23.5384,87.2727
23.5384,87.2629
23.5384,87.2532 # Western end

for 8
23.5294,87.3021
23.5294,87.2923
23.5294,87.2825
23.5294,87.2727
23.5294,87.2629
23.5294,87.2532 # Western end

for 9
23.5204,87.3021
23.5204,87.2923
23.5204,87.2825
23.5204,87.2727
23.5204,87.2629 # Western end

for 10
23.5114,87.3021
23.5114,87.2923
23.5114,87.2825
23.5114,87.2727
23.5114,87.2629 # Western end

for 11
23.5024,87.3021
23.5024,87.2923
23.5024,87.2825
23.5024,87.2727 # Western end

for 12
23.4934,87.3021
23.4934,87.2923 # Western end

for 13
23.4844,87.3021 # Western end
